11248077725
15783917761
73081914787
00000000000
91708543198
11521179719
12221046790
07184785762
12705346708
10970542763
33379211672
75269945720
27217488826
76541967849
89458141591
07250659669
01305817125
08354921760
15507619867
13018052706
77033400497
03802563476
58348921087
10584967861
01858048885
40226220672
34221087854
51673177620
00625433777
27994727883
07776281808
08814076820
84619155187
28204070802
28961948865
15591600808
12306472793
02102461971
14872671856
62464370444
65275497687
09817610705
32194869832
85051780172
08823004829
85451150915
40180720821
96579757515
32427703826
03264571781
03391005408
00652392962
32708294857
26343038825
25893488865
12731869828
00014997851
34299289668
05481769735
53379616320
26367192883
66313759087
05573877798
20385669844
04370285429
34126848215
85594865420
38726220644
51782529187
48208086304
63984318049
08737264648
04312106835
82872066934
29698613803
12284566820
13705402803
01618747703
02935626605
31578489334
70280665687
56359349604
00467045909
22132618810
01408292700
29467572850
13861786834
08044957693
71538313200
32961454867
26972644852
02354933339
01749065959
69863946672
01626630801
54730880153
27915168835
45657521404
00994027850
19491376861
07939064827
94230862415
09125747800
76130681453
05508596755
08974736802
92007589168
04478387680
95401628668
04880642444
66638976168
K5B7E6V9N2
29842522172
01280696435
28949245850
07338324824
21112320849
67262317687
77542479768
70669090620
26417105873
65202775768
02214200533
54296340425
90357515820
03284565191
03752702729
71065326300
86732340425
06435911681
45120420834
07644427759
10625838769
10916163881
12998543898
44657420704
91563887649
01433337983
25458684850
42956820125
22872353100
06712269830
65771290530
03610954140
11045903876
14939374807
48569887353
98810375904
28800775837
92221092104
33345430568
30700425896
33884781120
71315489104
17786230858
06318971866
05652530774
95603018615
28152876844
01066776830
36059579272
11523230835
18451170854
01275905609
79576567815
06748382890
73379336149
89918096691
08009127809
12053845880
59917539115
28120839803
25069765825
89699742100
79228984104
90206029934
15025659434
08770359709
06192048428
61669776620
02290662593
52865100197
54208068191
10332882845
56842708591
42268532887
57219265620
02096640709
11168723825
14832162845
99715040810
68243499687
59786205634
58990810078
27631089892
08673208696
57494444149
14224504812
81208413449
61334006768
34750840823
22856758878
60787546020
03577478950
98482688120
03768834646
12502851785
01413885446
57107548034
87544717968
05561071874
93391412887
05697151640
25348836826
19937680840
24001970325
04032273561
41269632191
12736655893
06551781802
00285502778
88629872187
96958987691
93014686972
18643009814
19690789287
02660860556
02741013608
31916707858
03878222599
03076290908
50828169934
65844963253
68258895591
08915405803
09932083470
09993183733
23840659710
35019942812
08289626770
42969033810
29537886115
03743595982
27763667877
37228900472
04717971973
02212753128
27275655268
84114967753
13135101819
12179265859
01392078806
29793492830
03873734117
00656215143
04116807575
33199544827
00372441670
00709327943
78406790130
96501472253
79796109620
65670680782
07661942720
03702416498
02042137111
96534940825
35853220268
68996691453
09860871817
34922635858
07559529798
03534909380
00058199110
71258183404
22616535220
60277734215
80236758853
08170496730
15960593890
01789836913
00403185670
97830224900
01450112080
07368292700
28969863400
18121720877
95552740530
30850028809
27635090291
33723208835
02680412613
51214644287
97255173187
04567582918
03844974890
33320406850
83858393649
71435999720
26672804072
43548539300
03081950430
32604980010
01632864690
13206292883
03217446160
87436981749
60283416220
13014136824
27632409840
11734687738
02833651538
02842983793
00382968883
71624406572
06094233808
29251750823
01315759616
28389622807
47286768972
12005926892
32025114400
64735869115
09675644761
75676389915
31530216869
01420991710
30914429850
17075944819
04272647660
21540174875
06641273989
96819464720
04128284998
71699422320
03866044879
32809341842
05770540745
90095740830
76012387172
29859084858
74053299187
07361920268
02682433871
26316522827
85797634791
80782124372
10592904644
48943550359
93249390410
34191063863
20121412857
01544717040
29421024893
04381862147
10104347805
79316816149
01438035730
01273013646
64330389800
29917819800
08008759828
45699577220
01472861078
20462590097
09712132757
45667756668
33030795870
46795456404
09635620705
48084751468
45154449215
05841524500
14670399268
00570445388
02807007929
01268326178
95704604153
33178316850
09919113778
61808733304
11154951863
03700286600
39039323100
02719186082
05293942867
05551018784
88714357100
27381509857
31662774800
03181399795
00043409229
01369765576
02203414782
40117782300
29549514862
68302738468
57641951600
25492463810
33543720287
03291911954
07432790850
00225664577
95761683172
31192404866
63609916400
38051094824
84041889120
12902441703
66526558615
71789723191
34974610163
90072278315
06826736845
36022640849
27582868900
25545508830
70096848120
12263268898
76594076787
74377760491
50494660406
13361846803
32476126888
34397866848
83841482872
07920421829
90935470034
08862971761
82588970125
64892611700
57811113287
01064714730
57120919253
02808834128
11893874761
93209746753
10327804793
02926734778
34777783839
13049791721
70579601234
83071512368
10063499878
06629492420
58477764115
06768931636
26763677812
94499713820
82909962172
00306463679
02943598852
04963281660
65654528572
01989470971
08610123723
00000192000
41295927187
11858383846
17576068825
02686263830
06870314780
02325663132
86959026415
94350450068
89072006704
02725318980
30575502827
D7H7V3Q7M8
44438826187
00160791758
14249469808
81475446004
70989923215
31507813880
69355495234
33188577850
04488203906
06606240603
82781427349
65210760006
03205033809
47807377100
35234624870
69000956153
10397076886
23946407153
27558100178
02097754910
09656624890
22252087862
08407791784
07755146677
13329585838
53882695072
91218608153
00669319082
53676580834
96603569272
66925509200
06651767917
51197960287
83721649915
38933193871
93299494872
97298360191
02137686821
08966863884
55259880978
79208592553
92861199334
57371580478
18966293859
39213805888
03538500630
62357387653
51695952634
56646941149
09389696410
71687769915
07326167869
76762122949
25620371115
30262437104
18725545809
71281665800
15251386850
08664265828
36535821803
22239301821
74720112900
02732995908
02455748910
07295301836
34419099844
65309626620
28758323520
77040368820
05219809504
08831485792
79386636115
93273410582
18875836884
91076714749
01169546803
18321624863
07766706890
13321467836
34356930886
80621171620
83841377653
01788423038
93831650063
04341681656
24910009892
00783084455
15208782812
35366166829
85741850863
06661988886
66686415715
62335863649
98061402653
00561406731
00904407810
04628001723
21632154234
05481240866
32859080848
01816957909
37193911830
07696320840
04929671647
07880813810
19140598837
01581140436
26036844859
03725950903
29730816883
82733279068
72811617272
16502353134
66652839849
32932968823
20016381831
66700671191
00634172000
75693992420
01292032111
07206553745
02280613778
01933015713
32221074831
52613550015
58244921315
14686268842
35306440720
72418508234
34587669873
02126162850
35051264972
96113650804
26973711847
39175731649
09877308860
01233295667
59125160168
06374546857
06548655664
31595480404
01573768421
00569324998
29358217855
38929495818
03012724095
32998897886
49901532868
38335848823
42698723300
25682113500
56615736500
02162515830
04554003426
86760050100
09170997888
75503042972
26664243830
30443970904
02601772611
59532327215
99909960168
27836122832
36202458860
90471946834
87753979191
60036087734
35159154434
27418929897
96034033500
40419347291
01526433702
51702983072
78851149615
56528566453
33666865100
31450447880
04682619829
01114513105
22805381807
54675049591
50351303120
02548806901
42632919800
96556510963
71201122449
03257528779
08805371831
90852320582
02392512450
34923958804
05700889765
32076851453
15255345806
09496714870
28895424832
21524994847
76123782800
05546288647
98171941168
52163849872
04076381645
85754978804
30401961893
00513663550
03162466890
10512830860
66580811668
17349972814
01940768730
11053785860
09291969885
21595843809
04151156801
15789586368
80933645953
41483880630
16790479813
14861261899
31486409857
04763087800
62531972315
78852048553
28099059832
33248982500
18588231883
11664423818
59068337904
86410806434
44109288991
76438910872
26952297120
01607607719
94165661368
78999510620
15351092387
50542095653
82008884520
03559812976
63663805549
03567481975
03568683709
35206096814
73090581604
13463784874
03798397686
00762052406
29640032891
29873886672
88860892791
59557842415
05247470400
67462731649
02896969926
06932801825
25309733850
30911389920
24719814883
82655162749
05500231863
89167368700
06637204609
59523921215
62691759768
77891627568
15576736591
45377723287
91175895687
55963307449
26041905836
14477426801
51039435068
26060521886
58643168815
67793860578
97558230268
02568147750
31230092897
21869403886
95062807891
23258804869
80091326915
05227667810
11131469828
27391069809
54840538700
10708857892
50245023704
30360491855
94512566600
76301788087
86742019549
30406473854
75486539991
36225574867
23063874868
11062277864
79812295615
06237904913
23050044861
03918540979
00513526722
56272251904
02780375698
47166398000
00356539733
93296975691
21393017819
37660276620
00764180061
16624320893
00138515514
90355091615
40503267104
16672450823
52180670672
01646920708
25391323835
02956690809
77980301900
07734354840
41527208672
44016670853
60898470978
59250429134
31014076803
99163209772
98625896391
82626448753
26354802572
97722820891
06261192863
65330170982
15051084893
23435957808
29985714172
13200447869
00591016362
94163251715
09597713799
38346991878
84066598749
00260142891
37405558828
14568622867
15724751534
84121726391
04507680905
53197283449
91034973568
31460534204
56752270244
04490073836
02088524410
02837556602
07693002600
24764467852
30653983700
21604833890
97019410804
69466882953
49307649472
04434919253
49126121700
68325576804
25574619890
27678337850
00748516913
06286214852
57043639620
08359173800
77080670810
09310704730
68582625200
25620671852
05086084903
04942389682
38601656072
01361526602
33098196807
10738711268
03228810801
54631572000
25878011840
11104976870
30908566115
15736059215
34237182851
71246347415
60178612553
71796991104
28072026836
89421280849
42437806768
02798214769
00141892757
03679251840
95517090478
04949366653
00060573066
25772208802
28426531814
19237406878
60130857491
08075543831
03977252992
17547469850
59012412749
04701258881
H0J9B9Z0K5
19267540858
50676431615
56075626620
08605436840
45693315649
48031801568
75927071104
09469603800
04907716613
26104251803
04502350680
00790767775
00316823163
03449229877
10104237708
58096515268
84008423168
98967029349
28906845120
18207425806
85624217749
75444666200
20893957968
27113884768
00130649830
13262248835
57767084515
59262478100
48498530997
04286384900
77551362720
23963816104
03253975460
07354087696
61219339253
21748518810
08479215810
80971407720
21564217817
00311951724
78880092120
55623174000
01587512807
44143087200
04774455865
12467435822
82693552168
65071093200
07298569686
05563151115
03078769690
29825903287
14865731857
00986761729
02530806900
02629026051
06735103874
05647018904
65554850863
80397263287
65746295272
30125871368
05174927767
54858976653
68563973800
76295931634
08193282353
48591238672
06301205871
24869114801
02304391958
04106406896
36798096115
30544590805
17898372867
00036067679
28591011287
16345449865
98745298300
11196930716
38016621287
28525388149
04756507867
95111948953
83877207634
34872672844
88142396300
07667597685
11273427890
33210601836
58612556449
15427174850
21507502877
12033779831
14872220846
03937816747
36484961824
05374401432
06036332858
08017980272
33874371883
65590970997
29735585812
07826291488
07346807839
55467741187
71221085972
64059430897
04788989832
09521688807
04048414658
08402211771
73277207900
73982660300
01302694685
63968274253
00625440200
70549770844
03480577253
11278034765
04988099601
44185090200
16022904404
01071975455
33333670178
64204774768
07308056708
03070949606
27024890363
17025966800
81207107620
51039605591
78817749168
31337939854
94222347000
00583015930
05573169955
01346757704
33659098850
32701083893
12491643707
44684061191
04585068503
10669256315
77443306172
52286312249
61817856391
49228439300
06903404783
59469188420
58916741220
13072724792
07419468400
90456661468
76001199353
02021173755
45962944372
12225348782
22169113215
94151067949
06760002822
37364537104
78749611291
78945216987
59939168268
74723480234
31208533568
60298669234
00236443119
88163431415
33459916249
25371311858
58335692491
04936471470
49123041668
26373653153
76242765268
31740367200
46095578272
41027515215
06374131304
03252394367
29307538387
98170945100
05712315785
22785140168
47608005220
36711748549
97718203204
06697486848
43385613868
58638482272
03341041818
43570976220
87348152287
85053686734
21500584215
01166975398
09783115820
14334836291
19394284249
89462548587
07356881683
38939649168
25992546553
00741436388
68845723291
70317127420
97066117387
00935163980
03713944300
30688577830
06004651877
11846887291
94663009972
27346617215
17412897420
09664169706
56245157900
92111394653
06483226969
47995289987
50558072615
40384286801
04454978905
01291964100
85573590120
10602426723
86410172591
00412640538
88188752304
11345497768
07589407933
02658091699
13497533785
19713940920
25666105841
00022723773
85816981749
09761926249
70740895834
24470058149
03068880688
00073949000
P9F3D2T6I3
92201610797
28554402898
02345322977
80975143972
48424269349
32063075204
32333684100
09803294695
03225217930
03396178106
03550360452
53832221115
95932186968
08380028708
08606988740
26021331834
66936870759
02062077947
05232304607
10610839268
96172096915
48271390163
38103544817
01916692702
44677359920
03529254932
05852209724
40419363904
34341161334
15498890877
11352338882
11300793767
13266092708
37099852850
36849294334
90223608904
00858009455
68395469772
04942681901
02037059981
03228168905
05160395717
09202045704
02963464380
00395065763
07730055449
13711676723
14164384832
21372477802
00503674982
06641844803
10616813783
01366570790
02427483761
08787205700
67039006472
00922118108
04552447904
53230230744
39751694000
37943987004
06985210643
05388741710
72695579934
29636831890
17402720802
04032970955
05333300259
01089446543
76077012734
29423877850
00855808721
00876626983
08202033861
24767258898
00322459125
01594380120
11833350758
37411812854
05376828727
67676065887
06060167918
80674062949
27481651876
74952161315
63681331715
04085385976
00437415848
58811710804
74548182934
11548982709
01619078732
06383185993
14363476885
01332502024
77754824191
17265174895
00563768126
03915749818
29359689807
02568968958
08607661795
30443865604
76272362900
59016590900
20720033268
08267310827
32923708768
45907633204
94899525753
24656925691
36591185836
05318766838
03385356750
09981554707
10904396797
33844804811
14721422920
67730140500
09553166776
10973042729
06807116942
53292260744
67337481934
07533014669
09978902740
08143508790
28606396672
79704123515
12594407453
52065790253
03963431636
34185974833
03275316907
68132859715
06296743882
07841035268
65995473204
78432022772
01714148963
17523818315
04114948996
00495729973
81519702515
69446083087
10015440800
04091986927
33642770100
01334470308
09744333812
34193790215
85887242787
03155527439
17878570850
17579379864
02653693984
17396172829
00575316179
02821826400
24789232468
53289404668
93794070844
04395140297
10335286844
00266579884
01067075666
75880105253
05747231537
79633404649
34799036220
03060001995
83146725800
07335358604
03211403620
59914220959
00155568248
04347487495
50805673768
32428870858
93932901215
71898000930
45379726100
01015225411
05163903764
21871041848
87105217120
14146022860
21379890349
80472850849
23088443291
38754274672
09735592762
16834311890
79967884304
33417629810
21799895807
03151612644
36855898068
74011898872
25617537865
01200247132
04599067717
90299051315
08720061900
85780588104
09822290705
79714960959
91913209253
02161011820
36038962972
50200496972
02150150883
01351285289
99001713149
01799443205
80166164968
06862948660
91868769615
86374648153
10138499730
16935951844
56169906634
74589296349
00073389617
03970971829
12481131797
13282049870
33904790587
09466382683
36715360200
12273973721
06549467870
56941560649
85104906191
34798951234
05924381803
84470640263
07972409773
86969552268
18264980368
13536117287
59130466687
00320283003
52935450272
19591982895
68219970634
06376210694
58179968049
15788802890
30069287848
89323556300
00625791932
62198440253
05570842888
15549065800
28306523806
04057534970
57372560144
96155450900
15102253824
07304037776
98822624572
84272074849
05232003747
43536344968
33028494604
14082412859
28866581895
01019429828
00028518497
94197938349
62243993600
02986055117
40839840829
74160885772
75102811991
32926845871
02150707985
77824172791
08239973833
95639438720
43971563953
04479552766
08953324777
62801791253
95968130725
59980630825
24946284826
07419972826
04727273977
87130335734
81411162153
01094439770
28127860867
14748706864
07156691767
02631940784
65862740953
26975737800
56831226434
01724461559
05123315616
93646429615
16805247802
26981687810
38774119672
54466725500
64242404115
09925970130
00705456692
01226203485
50885855000
04627194722
04215274478
20177321920
20086768620
98818112600
85113212253
22653590840
43703690100
86148613468
82173214187
04920200439
60575042249
07398668856
00681070560
26743023809
37583328934
02778131744
18770150834
99311437891
02262197393
02918901997
05017319204
75710447749
53675126820
05496143977
64512371834
04257224738
69510105104
01778956912
34882397803
01602293910
07210729925
26465405822
67882595268
53595041100
35203563845
03859684779
90938577700
08865008857
60012650978
11919617884
31462826822
67619045287
72524812120
01074209290
81295278049
73713350078
01644983893
27284454865
01301117161
04397346739
78547059920
39888010204
80924387220
55620108015
44360690363
32374640230
07578212788
02713030773
00495569240
05390698762
31360297200
03496253959
05950671406
02553725582
95704329004
90559851553
29261074391
21449059830
79938396615
01145599109
08516148416
07812119726
99563371372
26997990843
68761236500
34503222813
61925721515
34777287858
44806132187
27047296387
12669571115
35480009915
03217452488
04854192976
92051405891
98642987634
06965591706
60928492168
56356374691
11831334801
11631865897
04613531993
79442323172
29513439810
17212866830
53632133891
07969614680
90488644100
06720124803
94332908600
02140312767
94729921020
00551936681
68859686253
28365248808
00180247344
94935807920
31295196883
31807545830
02989959807
27932427304
06197516900
33794979753
62496735715
63286963534
66108250925
07395950836
14201411800
76515699972
05396577789
11811897568
70011800763
02146388129
32707614572
03926190400
00744022770
03654766846
28905392881
27017656253
82422532349
03448289485
75749300668
18285130835
74671723034
06143758603
39790838883
84996722134
08406927810
01950899799
17533895851
60344962172
08308845568
76308294187
00496921940
01557930805
39804036886
29142270197
18123835841
32782926004
52246396620
03167740140
01365848612
03569728366
04518092899
95792120587
01347091106
07850765818
08311845824
96714255772
06948592813
55752896649
60561548153
62133055720
11322913803
02871590869
12950902871
80879969768
57492069715
07826373700
25401458843
02443422100
04669580809
30818664215
02759355152
17300681620
03422404120
68928971187
55270913100
08582695705
13487628880
69400580100
91586097687
95549471515
03422344802
01218935456
08626180888
93993293304
01154326551
00619122986
68844913615
09784009412
04922956115
14404825862
63897814234
17069316895
76970965872
68762690515
11278722220
16184857843
86312600297
27854337420
26610529841
82114935191
05336824607
32708491172
03950881603
05217459778
29726794153
87118580791
38005816472
08674239781
00708871100
36928518715
80692206949
02241414905
24600467825
13914551852
48650382487
03744116468
03228025551
00774687754
07870282820
01809639700
71508082120
79751881668
02951718632
90536215715
47164115168
31612260896
30382125800
04398226451
00019918682
03352624810
08896992320
47842059934
65775341104
04201963829
82949581820
31480900125
20579110478
27604128149
00965348423
98067184020
31580068553
94372195591
48711381434
29547932870
93087306487
03109373610
94064016149
54789516768
09951356818
65175565834
46923500320
77914155934
07028451755
10060646721
75290790691
04256677747
82256179320
30538808810
37170724120
15872351100
71219110191
59756195720
85097004434
85256390104
99488760672
27834613820
07496799726
29239745572
62417487268
49988522991
88343979834
16926581827
12522306804
76411877491
69502897900
19918501820
03458144790
03310201732
86119745149
02495614841
05288433895
52645177549
08901009854
77907221404
36267473104
54911621753
34396667434
35662571848
01312411503
85752576172
77019466753
03967227413
38764458172
71463674104
53673522191
00936454903
48439886349
72779349204
57515530804
76829952115
00229138748
02535951428
98798294172
28373294287
04085924516
07315823816
12851849719
43869181915
76209440606
39110679847
71421823772
64376494453
19204090847
68040830400
08427764863
24590303809
80979327172
39922286149
05287171897
63730979000
59265388234
04895490475
09044467867
36998264810
02492836894
03318539732
57036489120
48584282904
50484680153
07304668849
66027047534
17427843649
27637255549
11701662884
77334094204
68725299620
22601493836
03857000406
64157474287
28921446800
42476631434
36710946304
82642346153
83590471115
17696020110
07226472805
03350469590
14931453805
00079775578
87963701653
88991865704
05780215600
90960998004
06232093658
57545448200
10954371860
08073344998
08526343661
03255738911
34352163104
29595734802
59304766168
06887524899
00769342418
02906702501
05157630476
26352926800
35917660115
42111420468
77980999134
04567934881
90655060634
78353130572
08293931701
12112430874
26878156831
11140336851
25562755882
32331312087
43636012304
03468174551
40328457515
86231219704
59034564487
72468599772
85014109268
01254173498
22780801808
04752806444
12709971810
69976066104
34357548187
00010571035
94020027404
47939630300
13463262827
04622701812
14165040444
07591198726
79149251791
47238364468
86100378868
07888454704
21349974862
25095927420
09557331704
51605040100
65111192620
23068302315
17538075810
23848227800
47983280149
80961223120
04071916664
88173623953
34500149864
08704830210
44981040997
17820205865
27929635813
21616255862
09253671840
04387790709
08414628796
32708335120
79966608400
87923947872
22050422890
63797720220
02562494822
57650756149
14468734809
36177563449
23063050059
57163715587
49367803168
61074608100
00238088103
14839709220
20448023415
75523787868
00819866024
17518139839
05306678785
60255285434
27746063810
57376620125
15410481801
05105249909
74545795234
30577700880
04929396409
11571549722
37577581534
25557923845
18224946134
16348992888
36429295320
83915109487
09663356863
00285825860
51989280463
58994556672
28654301899
23882832304
88856100215
04101800928
14753097838
08551001760
08576756994
00389837881
34599992844
25670168801
02603817132
37795203892
07305409790
08867934830
28955217862
07874889681
02569634441
56188684404
04407056657
00585455147
64971872191
04453283474
28503236591
02161805703
02991153644
77833562149
06794386100
16558405172
53046897715
81979177600
00600999173
04462628462
06421988458
28843217801
05292523763
35429108804
08295511742
07214746751
22454802449
60613939204
02972657926
32789220263
03283699690
04504847930
69537151891
36034118115
57238375168
00971225486
32642256898
17358536827
02301998797
94750122068
95274677800
H9Z8I9F8O0
47244933568
K2C2R6C2M0
77323700230
Y9Q7S0K0W3
89184793791
08771188681
55035248020
56573197291
05362126784
28384000883
11667963708
54117402900
08744658770
68662653049
02829936736
04092497504
14242230320
10236470795
01185058664
30550544828
03065072858
00133597890
01982626984
06675739840
01961593777
43627471334
13441591844
55552501772
11791442790
30896061868
08352917587
07195461840
03080583728
15128130525
61132276268
E5K6O7C7J5
24524190520
60436719053
70989389715
82742561587
U5W8K2Z5M0
29833541801
04632162612
00611526689
64673723449
05671863775
01579149766
59073624053
05706314837
10835448886
70360898653
C4M5O1V0A9
55917674515
42516510497
02397362490
R6R8J6P5A9
51218992115
18176803820
36208027187
36303534520
97832405600
00572223803
02748448774
48681580906
09110689885
12118922809
09554936419
04909711643
N0K6N8M9O6
02833208421
80578373734
53448561134
61680036220
03241017834
03342113952
15473243843
13002611883
09799685770
33220237886
46694412053
66961904491
14888904120
31144934753
38686341420
00850084512
92636330372
07963725862
11560928840
19703469817
64072479500
41750241587
05925435796
30581494334
90259190730
34602533809
77187288468
47742470497
48729043387
46956425653
98889028815
04804858440
K2E2V3N0N8
94196290159
04577717808
89283228804
84950897349
17443710836
07541065781
83600809768
03829063490
04925584421
J7W0N0A8A8
79420443949
16620888844
05787088417
00667464263
G2F2P9S9T1
P9N5F2U8G0
10227988809
80449980553
04208174412
O4E7U7O2W2
02711764826
48928445191
17610230472
W4S4E2J6U9
23404183649
K2O3D5I1I2
08347812802
00476085101
25399405873
73334065472
23808535415
10163115168
32082650855
27342241865
03220867952
01931906564
61411477391
29500561808
22233338855
07334203704
07466006663
26111921894
T7A7L0V3V8
34473835855
76524477804
00506383601
24589838800
05848955425
22510758870
77190068600
18557634862
05308869790
10340753811
29501759881
03315308721
03062020423
74185624700
21441221808
23439955087
81611641187
06294573874
55088031904
31352025850
03983027407
00396425933
08166582856
02812470640
83660488100
96275723653
25832271220
60601647572
35853014870
31155971850
51519410549
01332552714
10880271728
03901316604
X8N8T5T4P9
04340443425
43710620244
27301907249
07471433906
49981919500
43369995972
02514948452
50576500925
75815028568
08425047706
09620341775
10349917795
09456382729
05372265671
44847319320
11588964760
08742833701
36678191889
25488589287
56391439753
98499734049
24868671553
24472832534
29370087800
77572840310
00207313105
33554234591
30513235868
80284930253
85876500178
03604938902
82021937534
03270326939
04716891658
05697045700
00975521780
48402230920
03355086851
64373100900
09697378401
43772811353
00868819492
25488158898
48629839520
69956855472
27942872149
00593016947
34628936889
00547054955
04104624462
52810771634
98540653915
87002183753
49770012149
69277273704
26551322034
02814406892
38349586893
02467153835
62019309220
78954525768
09294402428
72616733749
88543838134
39335623504
64198316520
03432063407
04233290900
44450494334
19914151841
02717789898
65491033553
55994300578
36237779191
26739268878
57596050115
65221672200
51135299153
47827025404
38465752672
97252867315
20814348220
96119659587
69414556168
03428490185
04647944808
51408350700
90799712787
00323133142
12848457880
14694845870
90134672534
21807208826
10666030812
83996028687
02914609418
18606198862
43739296968
61869120515
49216635304
63068036704
47216204115
13805838883
82828903753
18425437415
09529151705
68247826887
34021547819
27845737615
33738699864
05279166413
75909634291
42538300134
12089980729
56366094268
24216062253
18326562840
27186864805
01489752757
69653429272
05511329738
O1Y3Z0F0W7
02698326450
98429574620
93941900900
01236114744
17566075837
46695907668
10158284771
35869494800
82058393015
19849025808
74719432387
46529519068
13860186434
03980947645
02398057984
03134898403
06686311200
85400270115
T2E2O6N1Z9
63037955104
13499026830
52331164215
01901627594
16251346817
24754897315
22353427871
08347598703
Z8A3K3Q1P2
01355014310
02440162167
85786357872
17191863838
11194464300
01023223414
28102720425
02787011756
04267759707
92695795149
Q1Q0L4B2W0
18413234972
08071964794
55789129234
01641334703
C9W8A0Y3E9
06180797692
03646820608
00188780670
02834891117
07457562710
76186741249
55245480930
82649707704
07331937731
52798097134
32756501816
10392414767
97306215000
03762107700
21817896814
31430759453
56750161715
03291931394
99944863149
01036215474
34276602220
09367951744
42091918415
08888617884
04520676851
16810728821
22044806819
06464154842
81231628200
83995455700
01258533430
33802009215
14092827830
29633193800
18807837897
06472131686
26766696800
09853142813
39199959291
31885837615
27926775894
31140254472
25129589220
01980352178
02911711769
41434277534
89316258553
48450065100
21670994015
17561406851
80778372553
63179741791
01192323750
09201093730
05734640816
70114471800
70261873415
85618144387
93743637804
42147034720
39240371087
08857341810
38206439749
63671565772
38900806858
09757067725
03860290754
26926153876
M3C8U6Q6F9
40481220291
00793962080
04026236579
93514093920
82242267000
R6H5E1X6I4
78158052134
85778346620
92505619700
10160047889
77821467804
02700632427
K9R5R8S5C3
12171007842
03702729437
05780320829
51633191400
58314024791
Q2Q8U2B8M0
10051497808
86150138704
25122339104
05792346739
03590505907
49135228768
06647270930
10289166713
09411574823
01338230751
72172991104
86543555149
14613622883
09558142786
14796040463
88588742420
49516159753
16041330159
00415099196
32510951882
07177370803
34265463886
02558480723
07568792722
37549032840
25120776833
08543136725
18120536819
07876204678
38073277620
63648016253
07587134794
67085318520
05767086400
01555268803
01421297710
88611710797
25519069387
05975280125
00489961908
53669797904
54418585168
05214027788
00946867348
00990558134
84492953191
77645162520
01134551789
43111939120
09279754831
04647635767
01239952139
13019432820
34174345805
07331847406
48418072172
87702649100
34060820253
66137373568
38919737568
08231384618
03098279656
94531900553
87774186387
91361133791
36814199734
15594491449
18693121987
00442462859
10351208798
10361277709
71343016649
41387902253
21370333803
03302628900
79069614200
36511261883
52897540168
35795450944
16954802875
72658118449
42648386491
I1O0G7W5Z6
90855272104
40447421115
57547327400
21912671816
75647435220
06850374605
64403696520
46973591000
14452987168
00941309495
22713995809
21363265890
06141408974
02452667471
29584493434
28734642838
99989964572
55324002453
44592655400
09635426801
95598723700
02709757729
69913382220
B6G4J6Q2H7
T7T6G0F8D4
80951945734
06756388878
01688164820
X6W7C8C8B7
43664393953
K8O2D5K0O2
10447855786
74294059915
12177533899
R9D0M7T3N9
00879926716
05269966760
28654510544
30552896845
85365874153
I9E6O3P2B8
16101698831
35483725115
00702912760
07139490740
80531733149
28775089866
45788960991
21984789864
50671391704
33915465810
14816430881
03771478693
23155052830
43714781234
57531986191
01212285417
75911825791
30671559800
03108917870
J5R3O1P5R2
K4D2V3P6D6
02208139739
05617633724
03300103606
80204813034
F6E7N5S3D1
09539170702
92670571620
B0J1Q3A1G6
11841274844
24958086897
71475400349
07534975735
81092865691
51179075234
06934850866
50911333568
38618507881
81441053549
23806400920
41063112087
44918143920
35307343817
06949554850
80046908404
13073052453
01141617129
39103560104
75869276268
64695921715
48587893220
67998577215
01382184476
05604921971
78470609491
00826943110
30549329900
09742897875
S8A7P7Y6E6
01432530186
34829016604
01442183993
32907882880
14675092802
00326662170
01963580788
32665399822
19337361949
07727254703
02046230736
09957423835
95378391172
21921288272
81178190749
72116528291
03637947781
68403135491
03544221977
02288812850
07668577785
00666786844
29980414855
92130275400
04941895681
95192875587
04777825906
07360729777
81820127753
32118280874
65189671887
U1B2T9I7O3
51433354500
01373164700
09918148608
B2L1F5T7V6
02514512409
42007542153
51322730253
08806478761
28907017867
05872689721
B8K6W4P9H9
03008281877
63864916534
68607350315
42125553368
04250466566
50086235915
03942528703
04144338401
35914122791
00915141183
00325769788
07834795813
09720405791
01779380135
39053377115
30314445668
00406908575
50911252134
02487806974
08327892835
05313044850
03591908479
J9H4I3I9Z1
15855298850
30933243863
00069211329
57905517187
42277760153
79149650300
V6H0A3R1Z5
07479721684
99768534249
71305092287
73152994915
Q4I2L4X4V7
92719120804
76592332700
X1F2H3V5Z0
73710474434
21337381420
76967450344
67714153687
78886112491
62778560904
27272164832
35942772835
07752840769
05348989800
25784373862
80486479820
31081452153
13459590793
68903871472
26985356877
08795654895
08216440766
12116625866
06623111409
33215868865
56924569587
78349273704
02048585507
36046442249
V0T3U9K4E7
26511430812
34218270520
Q2W1M1H2S8
11716306892
34272253808
01346452431
05321287708
77733630568
08266001740
47445688587
80196500400
62580469320
32475375892
30407437835
00322454751
06850347713
11847080880
03352753970
17837320832
32857018894
88475522734
69821950159
07678575777
25904772874
02642038602
38347206821
17893291672
S4Y7K0C1Q8
92356656120
62008854434
01991141963
04413958640
01060844370
44514727687
79949789320
72423269153
01898498350
09652171832
09648284725
02934866548
05763315979
22882693672
76291154749
I7Y6Q3U8L2
85496677653
55239501149
E2L6Y6Y3H0
26782416883
69143358004
04365694936
07751989866
09565562728
29943184825
07321043789
51528851315
45894159334
08782392781
80161758053
01631452886
10860686884
00513574700
U5Q3X3Q0E9
07394340805
28332376858
28120565843
32063851808
33692492863
29788956831
37987755320
06547007618
25916651848
79388027272
12396654748
07646602760
16303792634
09774041534
90443845549
90030818087
10548692866
51772981915
60246251620
00758822642
29070986833
29295373880
36873241172
54218985715
07364934766
94308721253
80379710587
91084458772
04997595403
69674388168
66970067904
02184267473
29500840871
O4O8T9G7U3
09748429822
59713542215
03434371710
V7L1S0T2V6
18089012825
58506209587
40204715687
94465320191
07656114149
40489558615
07697096994
24940360890
02444027523
72570369187
00424254093
26303105823
02826421700
10904061850
05920313811
19255041827
25795198315
59007435272
83188916191
74195638704
14130053817
P5S2I4D1M8
97362832753
71590331168
05166206576
94303770515
00231936702
41220501204
04945525650
38618583200
20566735334
02451008300
57763828587
02638895482
61004650272
16803991873
12440073741
66605318749
01642988197
88090922287
54124743068
06426960470
09613917667
93687087204
N8H2J3V9Q5
03181305723
60151870500
34909786848
U1A2I0S0G8
17612314304
Z4V2V1O3A5
26035413153
86097431287
13537205864
66261970106
27406055870
79287140863
60087854449
02182117911
26083822823
35564350553
09598286134
02628017954
12207479803
05061383648
39789209720
14601401844
48635863372
57316244704
05315691527
92970214849
71878394134
03339008558
70847690997
01264129440
72806370353
56616074587
33947996004
01928125727
11928546757
71850384649
14443623809
26572000877
03145465457
34474277449
35666356852
32860749500
07452931742
38806852825
99671018149
27852857604
12513308786
03482759782
42797128400
17077737268
29087928858
E1D3X2T6I1
30618909800
00340798076
31635644372
12388607884
97059188991
84383879268
16891929504
H1I4E7N8X2
88072347853
26841602870
27420841268
07587948864
79793010134
07951470740
03228066401
40487008634
N9F2N7N4A1
63240386968
H8L3A3D9Z2
95742182872
07330573817
06935845726
04895176843
45309809953
17302855897
38126962828
19915286805
96632100791
08452856881
34294364866
03521024970
72618701453
14476703100
81475268300
82688770810
28204696809
22592423320
41712358049
02602262897
17763202807
28491194827
60294787020
03182655671
91269652753
R2F9G0X3R1
20701756772
02162445794
24586131870
39927830572
10441853765
82526745187
01590771923
37752132870
94582661300
68806183320
11715584813
31817553895
59000058600
40836193172
12435860790
04453049609
00020288751
60131063200
04685968603
N1J9U9E4B3
54764734168
63588099700
40222837349
40428338887
03991556863
01072424517
00938328930
08162560718
00475179641
08264794807
03429714923
68465866287
78871619161
39831140591
18526336894
92135692468
L0H3W5W4R8
33162384842
28806050672
51285819349
02610595808
86710141772
32648740325
00412862867
05847839812
T3C2X5T6Q3
51088169449
60013095153
82736057520
31022339885
18354905810
05890325779
13773978820
30311063268
06134633828
81839626372
31661713807
13657749705
02223590560
03949420606
31138778818
03626502171
30563926830
68857527115
20980477115
15304100883
77311353491
03049539704
54259460404
21948067846
01349254401
07300143474
89284844134
46826351234
86159291149
77943457900
05575921786
22423747888
95451226334
L6A2F1M6A9
09779387781
66990807415
79581331700
05759910892
49348590715
82721220144
28152071846
03726478477
89142934753
F8T1N4C5F2
08483503751
64867501115
31551350858
94047782904
08241044712
48830283134
00279079885
00761185178
00893000507
04552854976
83980946720
04372909993
07582888677
99332000549
30107199149
12958541800
89622626734
00779470451
47403683072
D8J6A3R8B1
87540002972
93610068868
26477378604
12369579897
04446612638
81342128168
37403737687
G5O9O6H3C9
41058607200
39495914787
I3E9F1Z5I5
03093135974
01180497473
03038384771
04519846846
72662832304
11692945700
04651582699
35110777888
28708900876
02747431916
73841919804
93949880925
99154323134
03953370979
01328698610
38623129687
74502280410
09430226819
68561601949
08489399646
06394230510
82460310404
00049725386
78689449191
11363834762
72751932134
58589759687
14026673880
11140457721
00792800729
00125831382
92506577300
97917532534
02667237722
00613650840
84080108168
75015552491
03091359743
K9Z5W0T3C3
03600977407
64205258100
02488831867
72701528453
83418628249
E3Q9S5H7W9
07470652841
30318028883
10916490491
38226758815
74034766204
83604529972
31059174898
06317836876
12443715728
84477229704
70681570253
98109812104
84554703720
62228145149
07875518806
01991521448
62166980368
N1Q9P0O9P0
68953887020
74189824372
05666103458
07567503859
71245650068
05237237410
22247290817
06686665878
21661721800
02348395975
04088242556
29033713187
74294334304
27673987104
X2A6V1U7M6
05036796829
13149472814
25341058844
97133132672
84824204453
24867858846
21255418826
67311733715
07373279520
08708787867
V0Q7F8U1F4
00297997670
80110681134
79436994915
26119994653
03337824374
45174040487
76228061453
87033658753
64685705904
76700844134
05227991405
65882687500
X1E5T0X5O2
80637752287
04089082897
53300408172
03337647731
34991897807
67215696200
43615856600
00262931613
89886895268
84674202949
07503827831
09405324764
13215121808
19857511864
06108778873
34590072572
01383704430
04000658603
77355520334
10346591899
05311651679
22711309568
48886815468
03047315442
06736343968
94160759815
60524138249
36433047491
Y0D4A4D4H5
K5G9K5S3N8
22361912864
73400580104
00495010626
80626750172
12598272757
00323923038
01773225510
59207043220
63199670725
17544934837
04076536940
23851856104
05538867706
01661163947
03120496413
95831894134
14651676847
18924539833
56807465653
37841300549
38381964814
75072696472
36072834949
28690814809
07121968894
03558047788
75907607653
09501430499
69075042604
B7A4R8G5L2
63112086600
08957528830
03816923372
01328203824
49445723520
75979586849
00761950745
00401729028
38768364504
50460730134
H7B9W4Z6A4
30013334808
24290335268
46343474668
22491128861
24201049353
49530712120
00796942412
31464422800
07630048637
01164871781
39541609864
D3L9X6T5Y9
D2A7G0A1O4
48219045515
23485256668
11000051889
32792238810
79903851472
51898403791
25026408818
36828672879
W6B7S9C8M0
02555893520
18391504832
04430673845
02548340430
06367862935
64312437491
08709317848
01478408723
13502497850
51583917268
61345377215
29108114846
76829685320
00318943646
02345508990
51629798134
14501765852
82584176491
01278994807
02131920040
26245665892
59668830849
97433314504
22290694894
62191357768
07347754402
15297772249
76551393691
15145434863
85195430810
17646291838
29915692803
91318971268
80795080700
12655823869
17620153829
94948003700
04270079410
91568196334
44039476468
08779750605
06629659490
07231673708
03684483800
24749206091
02740622759
44150148953
17827554890
32961409802
07311856680
59365536120
87069180187
01049910621
11329224701
10894724711
09790926200
99079313300
01973909430
18641440259
72872799834
27848064808
89970284991
14814705824
80048803391
00974139092
03723299695
82225125104
21559700807
03487782600
08575702777
57909822553
34065026873
45479666568
45661308191
91940184649
22616790840
26355213104
79006973734
26105229836
47720786068
17248809268
39758460544
01506801390
75072050610
03574080638
88433374168
13160821803
08059606786
63344009753
00489173624
80339832487
21319825850
08178132842
11791690777
04843622320
76537374553
89864220349
79656102720
P6I5L6Q2K6
08439516487
31547159839
95994572349
85516511615
07458900830
26102364848
41679490168
35419384809
05490155744
61101494204
61809411572
21037841115
30886461847
15919601850
01955628360
I7A9I9G4K3
94226784634
63360780353
03799143440
G7S5E1Z2H7
W7W9V4D4Z4
98017551649
01033664405
08872312841
79412718349
38058049115
97342521000
09209928709
92213103887
07784553781
91010950053
25937243315
27221229791
75746530891
78989507634
27420919801
01831830701
02329583788
25060351840
66152984653
00903811499
97914010120
01062854675
05500595636
15698650861
03410454977
91450128734
16266772809
65659295304
68863640491
62464582204
96757728400
19540043468
05734068802
06504902666
11627555803
16587634249
08214709733
00790626527
53975936568
32345528869
02827059452
68477147272
01994433434
01743203020
69856290244
12727400802
05586387670
42317584091
86677861872
31004340800
60426136187
F9E0F1O6J8
88397238620
77825667700
89546750182
75338793849
02226738347
54700507187
03600273779
42713161991
31714553825
05979848673
38607250841
86108131420
73731315220
07668953272
85903604153
01034145177
77774990178
58034579491
92176917634
35001712300
95506020520
D9E6K0B2O4
04347212631
02110700335
07981758858
83022120400
86407201772
55623131115
88021238453
04878529822
00828884935
78996759449
60239000463
00448435934
95901639804
05901036794
05180302706
01738239802
T8G2R0D4R6
03498029983
10337383790
39148815187
28065062806
64628078300
62014080291
28970630848
87113457134
35077247404
45509140178
59758902091
64401243587
W4H7P2C9V5
S9N1P9H2M8
00373704569
83946110100
20643882812
32420105826
45421214451
89376935500
22192776829
07978386783
12015022848
07468424730
35346809104
10880459875
92771220725
45975418968
99779064168
05556161852
13756230287
04666520899
15165933830
44667248300
26468220491
13660508780
91770041400
03931429490
66346738615
29271949803
39933291807
10967009804
09008074745
34327952893
32386283801
51556014368
09425826757
29697948100
91305420730
18932312249
02112367480
13363577893
07281829809
07465494826
35845074304
89508831804
04861910870
07646416622
87342642991
26463860875
22474816801
04195449847
32735006115
46885811300
09049764754
33986240578
03791254715
60424524520
15398925814
34808086115
01986437485
08449595703
06390171935
06862827790
16885496847
69140170420
85398586734
28910100869
95667598787
14698502810
06319819936
16696182420
68271204491
47493500797
69736448215
57837481020
29071513807
00450265803
01086158806
25814142863
13162601860
06091089803
01027250394
01396709479
24980223842
26697173149
U4S9V8U7B4
98199633700
00779290801
03241083462
27954135829
45401071272
78396760144
35601965153
S4F2S5J0M9
69892598172
28714465809
08330030466
26906815873
41815092149
04298085422
70793638704
00343220784
54692709715
36191060378
86006916720
08013263703
25154006801
05277966706
00742071723
13449745204
73295540306
W3N4W0D0M0
88117464934
73071471068
00218901372
R9Z2E6D5T5
29526669894
31837321817
80637787234
27235292822
02202341161
03190520607
04910086439
77245270759
29731470263
12310643823
47543485168
W0E8Q3Y2J4
04904228618
50908529600
M5L7C6N8A1
99338262634
56631146100
23587784353
07835149729
47250500163
73454451787
34671579634
70957223153
12887230751
56744765515
78786193953
06983519671
17758570852
07687629795
00361945140
02545395480
65723473387
85032662704
67419232687
16841852893
86278029200
11558982736
82696250278
29151150875
51958627291
93357923149
01740526694
04432534710
61937070697
94365512587
32272103200
06469323812
13412088854
12527582869
02050712448
55056024368
02474602739
12068310813
10251352706
21369321449
03801655466
18173942404
00229541470
01144214718
04236799960
20003960030
13355447803
05218590770
55012299604
15188356864
42400880387
04525884304
47943866487
56982836053
61799238504
26519588830
24868319833
38642672854
38348659749
83645829415
30382673840
03430329450
05138827740
53793935604
61439860700
V4V3N1J4Y0
91615461353
31932174842
02159826065
86459392315
05616842869
78511445587
04417490627
73523771072
42451400544
26474808420
08517779703
48615510130
54816211187
L4M7P8M4F5
12430997800
90449088200
42453305115
59761776204
82698449691
13670970886
08654281740
97702757787
02257457714
02721553739
66127610400
05112480670
82541078315
17082617968
43309372987
88971171715
20455506809
64912329215
62015974415
17868734434
19937388864
95177060063
03591269794
22247780822
95997814572
78820430282
80803504187
09077454829
35950382587
94163359834
45964386504
28090616704
04809002993
02511633779
40242226787
07313398786
02429277425
57339308377
86825267604
13783080851
05794254874
31424470838
91233100572
78903025415
91956617191
98215388353
08403383762
39554285833
47513128391
16619956831
27074218200
09735290758
81511280034
30776688820
52180450800
S1F3K4X6N3
20719574668
16013335877
90836766920
11470217830
51488418500
86887362783
31635202353
40559548834
04703764814
60648384691
01224090438
02707254908
32811694811
06610277591
91019028220
53692420544
03647698822
62811711600
01781992304
05204713859
07232666462
88625745849
02699855308
05789306764
00659326760
06428550563
03509224388
06754292423
32541040482
17022415803
05128968600
93969350506
33614598691
04080457952
08659900774
53458338500
37459167860
90347641504
07717188457
18169812810
96886153153
35191287720
07676391890
00935706003
02391807716
72994185687
80309380715
95200584949
73635219568
55474080000
89134540172
60227494253
58498001072
10448576767
12409128700
52561526291
56673205687
26182599391
12623517827
01491443774
28311112851
87182009153
92092713787
59611014791
59154705053
17188085854
09612942722
34366224860
25254821825
07400774492
81168144191
55864988120
34083340053
04714921835
15252331812
33413429825
71034358715
10465578748
44424507491
29746876104
38884053862
61044040220
68435509400
61337218200
00618845704
28303311840
49491229168
06785979609
E7C7Y1S5D2
20590533827
84552522604
03332429558
29065402420
31926999819
10521536820
26034148871
42593204168
77928946491
01267668784
99668939700
69523134868
66584027449
01803508035
95767525587
10529199793
00788367510
70602077591
A2L4G2V1G7
00864582137
07204070879
74054309372
31671616200
21323607404
03843551456
03486891952
26837767801
74433890782
01007709324
17945822827
09470552741
80579132153
33896365878
52823016368
77187105304
89839072900
06151094204
38860043840
26556995134
22574935837
08462882656
84823747291
11653748893
85971910906
26628696820
02516932103
42817854934
04166253808
53044428653
59931272600
39242234168
13590833750
41142446972
74062131749
35706988315
00027474569
13637095777
43262791253
04113764972
81469039320
01742242308
07076358700
00435385763
83145311115
54958466720
04884894901
09102307812
00088247899
00301816581
33255901871
10115506870
08256037652
10056247710
82796777120
46452079387
78065666272
22585465837
02939816638
16547161897
12686806729
00447273302
72279419734
27715687804
02112016504
00350426643
05911891603
44853157387
60767189272
89417712772
13692596898
04079602952
07925684780
58176217204
01503186857
95809260349
08414838413
07717999773
64518353315
39227758020
05861218706
05281743635
55563104400
78216656734
25238959869
42212200315
59389494753
32167316852
02377085822
04030233600
04232898611
04913940988
30230897878
48673110904
25584740578
07224405450
06360875810
43214797549
67416942934
86101781887
97452475615
02738072852
30633559768
89535022920
71526145472
99187817500
04370099552
27214424819
41249593034
04310165931
03412234842
84062088215
81196911487
30652618472
89359631868
13401588842
28419553549
01442025735
75182858949
03662062658
07184254724
00075102170
03728821454
10443576491
12019537745
45388075591
01113419148
02177442818
01482234513
14253675859
16049222819
02570879150
02348212137
01497687373
41229584587
48512508191
41718763204
97960390606
73311456149
65048415272
91797870106
02165989310
08079968403
76405273849
10684288800
84145803787
02537347706
03253057658
12039231803
33180180072
67944590353
01561094846
02507086718
83922865887
40413784860
83489630734
00842759018
28320087805
03955768309
84852682453
88646629104
02645337554
26471353391
16352855857
31463461844
93184689972
00007631103
12949103880
02743297603
78392861434
05495979648
58028196691
81360207368
33872306804
22480524809
08326786780
01498876129
07226074745
26276488100
22563956854
23199010865
57338485291
85087823300
86893130791
94530939634
89981731072
08466303898
00451555341
51603861734
79301096749
00229633838
51581469187
01740456890
36145173734
40092948847
49642324172
03168769509
07252363619
76286886672
05582021795
38128233149
R0A8P0K8O6
04806855928
29985687850
28373305823
28640624291
01891167146
38955240856
00161626092
26171746894
73802271149
07905901742
06057592433
13073496840
13199900291
18769679860
33415480844
70243360991
78643350125
12583922750
32668486831
69329923887
02672511306
80461999234
00178554030
08100627800
26254416824
02863148605
29993201839
30172317800
07767078760
00963331116
12855956706
03110721430
00569540852
10032883838
26370106810
74248391449
04433633585
30749479850
10712335803
41582349215
05321385467
86072030106
03201890154
29722834819
13236761806
95258469549
18384753890
36306797300
42977673687
25951750172
69783560425
05523734780
07566420780
22670397883
37850112881
04470329681
34707174515
04180684616
15538758850
25865318845
05421547736
60421193468
07975934976
91737974720
53382480506
95258795500
03389615695
49607979400
89111370734
52249476691
02734151820
82240604972
09507348700
07516310433
X3J4H1C1A6
45162123749
D2J0F0F6N0
17788682829
21455087831
97820423234
64604551553
56750404553
59625970606
39992284153
31401583865
03332792717
41845137353
27360075815
73027006649
09900774701
60296763268
16604059472
05266322403
00800488466
F9K0Q1Q3O9
01477750193
00334447810
09288579729
90821475991
48748650625
18179194825
36154079893
27326160600
16146360287
03004281465
17853072821
06453470861
04012635417
25390049896
A8Z6X7B2U4
56392826653
13543822349
90909798915
87143380768
08751524813
07920640709
03355698890
34793976620
36131121320
45670722949
02187046400
07472826766
T2Q3A5R2Y1
84466910197
72327910706
12393369856
Z4G3U6F2D8
68518781272
M2V1D1J9N8
23466413400
04631161353
78720176791
67846785249
E5I6O5Z1G7
07944497515
10502455802
04706472644
38073385864
25197045787
56516789991
00478786905
15298054811
70868131253
00564743500
23791837087
25754702850
69534454168
96404612372
08351884855
00946021317
03080165721
05300531871
75470020487
36670209886
07751537450
11559193867
02551046696
25902772885
43143105453
17533120353
09871100710
83835814672
17403568885
00427716098
Y8Z2G2G7E7
77766091887
77892208453
41932099387
03897624400
44728573915
C7H6D0O8K3
36758912833
01760374970
04897355419
02543682716
03940017965
F4L5E5H5D5
00007788690
A9H8D8M1G9
50812327500
86966502120
50142330078
65554329349
P7B6D7X7R7
93927487520
30148103120
88614158904
01002508584
04226910702
26503071884
08638408412
78532353568
01044949481
80411614568
38100231087
B2O2Q5C0O8
18276700888
11041999712
80466117434
73551970963
02919845926
10934901600
X4J1G8Q5H1
08594736789
08178546736
07320833204
54257999187
30235200387
29663738812
77548906668
59640251100
38640457549
33234027668
F8E1Z6N4G5
21389160220
69241805315
01058889664
16107256890
27585520867
90675100682
M7T4X8K2O3
09256203782
08280385703
11283530163
49644505891
48825387172
03157139509
46002707204
09337680793
07433374841
50712357491
00033670617
T6B6M1G8N6
66297621004
38268175320
11448927838
70426180682
12823766839
12497819149
91619939800
35244154826
06468485690
04659189481
O2Y7F7F9X7
12733954415
38735415134
06455096800
05275731671
61947652249
09276918418
49369180249
18395323867
25437467818
02256917878
73037664304
53651464415
83484906634
05262638732
16850343572
30015219968
35305258120
00764486810
04664630816
68964099672
24683455846
V5R2Y5S0P6
77262948172
64899764472
89179900704
31057731854
54224330172
19222994809
87500736487
10751387878
01427481881
65908902268
64336514615
01593804725
01543419755
86003798734
33162344549
35171359253
25441627832
75792397791
03148267770
84751643584
15739848334
85627283653
22467569870
07259056894
15164396866
28946644869
40782069800
46939075100
67241867653
M4J8D7C2R9
66530792449
08511795766
16284208553
88095100382
07351344728
06114331419
09971424487
54495431587
25874114831
48295574191
08976594738
01358602107
37957643787
69560471104
88662977472
71335617604
J1N6H8U9I8
00159009839
10794957706
91280346434
68325398787
51267012587
78300193553
01491543728
00160692008
01454813520
00009777059
62672851972
54813204953
96483733887
28547055568
84053267587
37627295491
15223904800
74411233649
02222505933
05102042874
75788489920
04017224652
03483208330
03548349676
12489762826
39780538372
05881475402
25453378387
27689172814
87321181715
79480667649
60451459687
45784612468
95079726504
30364329653
11935905821
25418555839
22451650710
20157029620
33253050831
73445908400
75959925400
83337342787
06369408450
65015746253
04077039851
07769960614
00937117781
14384592892
00902813498
15154801865
01052971865
00629042306
31132275857
03161189906
50564323500
64100022204
96492970063
00912708808
L2O3Y4Z4N5
29458324882
49966626620
10888689675
07567398702
90079477704
68715048500
60882689134
73930130963
12430026899
U8X4Q6J1M7
15111780866
56133065168
26289821881
93123620700
27429021808
87672650815
16296697848
03856109714
11702826368
05220598724
78478898972
55192211972
28298757882
30772528802
64481786949
28073977869
39884330808
04743092825
89789717091
01306192803
21700621491
40667561668
42059720915
88444880434
50330357700
43381251015
71573429600
12259651879
00183976118
04159788408
20188013415
04202644778
31207820253
03461063894
81411413687
03340221421
13751652833
09532142738
09855747712
01394587600
69792950559
12790602808
94726400100
64935574291
63375826672
40805352368
25042762817
11197817875
07384648726
28180304809
59636157200
21264471890
65142284704
45432546604
29504945520
11549787705
46236864691
64733033168
39294129187
43268293549
08348726764
01901547728
46605860659
00601802268
92135870072
33468079591
27780120104
10724388877
06887533456
36278670925
99007088653
01475938160
03549104189
65016971820
59469625234
64716520978
10697910750
03365496793
83979530191
27706764826
69412138253
04141390461
93102356168
41114779172